delta_PT =  1.5144 +/- 0.036533 L(0.1 - 10) 
gamma_PT = -6.48894 +/- 0.87380 L(-10 - 10) 
mean_PT =  1.7245 +/- 0.062407 L(0 - 15) 
sigma_PT =  0.10992 +/- 0.093945 L(0.1 - 10) 
mean_eta =  3.2932 +/- 0.0077832 L(-10 - 10) 
sigma_eta =  0.48528 +/- 0.0055785 L(0.1 - 10)