asym = -0.146692 +/- 0.060376 L(-1 - 1) 
mean_bkg =  1682.2 +/- 7.5127 L(1500 - 1800) 
rhoL = -1.67552 +/- 0.59253 L(-10 - 10) 
rhoR = -1.77835 +/- 0.58233 L(-10 - 10) 
width =  106.50 +/- 2.6291 L(1 - 200) 
