delta =  0.88758 +/- 0.035866 L(-1000 - 1000) 
gamma =  0.46531 +/- 0.026562 L(-100 - 100) 
mean =  1858.2 +/- 1.3263 L(1800 - 1900) 
sigma =  40.713 +/- 2.1403 L(0 - 100) 
