delta_PT =  1.7264 +/- 0.018727 L(0.1 - 10) 
gamma_PT = -7.14858 +/- 0.11708 L(-10 - 10) 
mean_PT =  1.5688 +/- 0.039696 L(0 - 15) 
sigma_PT =  0.15465 +/- 0.010396 L(0.1 - 10) 
mean_eta =  3.2666 +/- 0.0042385 L(-10 - 10) 
sigma_eta =  0.47559 +/- 0.0030295 L(0.1 - 10) 